57 42 94 74

10 68 			36 45 12 59

38 99 10 89 91 87 16 65
90 3 	32 59 15 74 63 5 1

40 91 53 36 80 4 20 65 7 55 35 29 79 98
8 6 66 34 27 2 14 1 6


46 56 3 99 38 77 55 85 20 31
16 64 93 89 	4 50 66 4 55 97 65 10

0 64 	70 5 68
47 23 53 51 73 76 53 49 87 100 5 43 51 58

35 93 51 39 77 23 53 56 9 2 0 18 40 44 87

73 6 72 0 24 8 66 87 32 53 18 1 94 1 32
14 4 6 85 40 17        44 		 95 54 86 96

2 52 6 50 14
38 52 86 17 92 20 69 12 75 65 44 76 72

58 82 92 89 42
24 75 14 11

57 18 80 98 64 81 6 84 95 66 85


34 90 96 76 63
98 22 66 7 40 1 82


		66 44 58 94 42 100 61 6
45 78 58 62 22 42

74 73 47 10 
